000000000000000000000000000000
000000000000000000000000000000
000000000000000000000000000000
000000000000000000000000000000
000000000000000000000000000000
000000000001110000000000000000
000000000101100000000000000000
000000001111000000000000000000
000000011000001000000000000000
000000111001010100000000000000
000001100010100100000000000000
000001010111110000000000000000
000011010100010000000000000000
000010000000011000000000000000
000001100100010100000000000000
000000001100101100000010000000
000000000000000110000011100000
000000000000000010011100100000
000000000000000010010011000000
000000000000000001011000000000
000000000000000011000000000000
000000000000000011000000000000
000000000000000100000000000000
000000000000000010100000000000
000000000000000100100000000000
000000000000000001000000000000
000000000000000000000000000000
000000000000000000000000000000
000000000000000000000000000000
000000000000000000000000000000
